%YAML:1.0
---
camera_matrix: !!opencv-matrix
   rows: 3
   cols: 3
   dt: d
   data: [ 5.3756073973526156e+02, 0., 9.4025562031729373e+02, 0.,
       5.3611686941069047e+02, 4.9785189855194835e+02, 0., 0., 1. ]
dist_coeffs: !!opencv-matrix
   rows: 4
   cols: 1
   dt: d
   data: [ -6.9951869442319334e-02, 4.3889971769779323e-02,
       -3.1207434070202551e-02, 6.7503896780218321e-03 ]
resolution: !!opencv-matrix
   rows: 2
   cols: 1
   dt: i
   data: [ 1920, 1080 ]
project_matrix: !!opencv-matrix
   rows: 3
   cols: 3
   dt: d
   data: [ 1.3778773614871478e+00, 3.6646456455850571e+00,
       -5.9728488081835781e+02, 5.8854304035224397e-04,
       3.2860070273112183e+00, -5.5532506272483306e+02,
       3.3861490283282140e-05, 5.1859072652430142e-03, 1. ]
scale_xy: !!opencv-matrix
   rows: 2
   cols: 1
   dt: f
   data: [ 1., 1. ]
shift_xy: !!opencv-matrix
   rows: 2
   cols: 1
   dt: f
   data: [ 0., 0. ]
