%YAML:1.0
---
camera_matrix: !!opencv-matrix
   rows: 3
   cols: 3
   dt: d
   data: [ 3.0434907840374234e+02, 0., 4.8133979392511606e+02, 0.,
       3.2477726176795460e+02, 3.1646476882040702e+02, 0., 0., 1. ]
dist_coeffs: !!opencv-matrix
   rows: 4
   cols: 1
   dt: d
   data: [ -4.1568299226312187e-02, 3.1480645089822291e-03,
       -2.3982702848139551e-03, 2.3821781880039081e-05 ]
resolution: !!opencv-matrix
   rows: 2
   cols: 1
   dt: i
   data: [ 960, 640 ]
project_matrix: !!opencv-matrix
   rows: 3
   cols: 3
   dt: d
   data: [ -2.1211904834494719e-01, -1.2241060631560199e+00,
       6.9247710563454325e+02, -9.8044417918953745e-03,
       -7.6263368653155028e-01, 3.7915504816612406e+02,
       -2.5421173517332182e-05, -2.0665626959266228e-03, 1. ]
scale_xy: !!opencv-matrix
   rows: 2
   cols: 1
   dt: f
   data: [ 1., 1. ]
shift_xy: !!opencv-matrix
   rows: 2
   cols: 1
   dt: f
   data: [ 0., 0. ]
