%YAML:1.0
---
camera_matrix: !!opencv-matrix
   rows: 3
   cols: 3
   dt: d
   data: [ 5.3699442250821483e+02, 0., 9.6144670136372872e+02, 0.,
       5.3544294656585282e+02, 5.1815464848290037e+02, 0., 0., 1. ]
dist_coeffs: !!opencv-matrix
   rows: 4
   cols: 1
   dt: d
   data: [ -4.4218343237691450e-02, -4.7325785192674384e-03,
       1.5624263659070011e-03, -5.9204659468601131e-04 ]
resolution: !!opencv-matrix
   rows: 2
   cols: 1
   dt: i
   data: [ 1920, 1080 ]
project_matrix: !!opencv-matrix
   rows: 3
   cols: 3
   dt: d
   data: [ -7.6760130264974313e-01, -5.1174435622806822e+00,
       1.4450065684591054e+03, 4.4858971240898599e-03,
       -4.4182900518764292e+00, 1.1386260402950982e+03,
       2.2429485620449562e-05, -7.2866231253900663e-03, 1. ]
scale_xy: !!opencv-matrix
   rows: 2
   cols: 1
   dt: f
   data: [ 1., 1. ]
shift_xy: !!opencv-matrix
   rows: 2
   cols: 1
   dt: f
   data: [ 0., 0. ]
