%YAML:1.0
---
camera_matrix: !!opencv-matrix
   rows: 3
   cols: 3
   dt: d
   data: [ 5.3628293832619011e+02, 0., 9.7545561776446903e+02, 0.,
       5.3856601035815493e+02, 5.3575900551705161e+02, 0., 0., 1. ]
dist_coeffs: !!opencv-matrix
   rows: 4
   cols: 1
   dt: d
   data: [ -1.1921688509065329e-01, 1.3104458794904508e-01,
       -9.1309477644174117e-02, 2.1949987239147671e-02 ]
resolution: !!opencv-matrix
   rows: 2
   cols: 1
   dt: i
   data: [ 1920, 1080 ]
project_matrix: !!opencv-matrix
   rows: 3
   cols: 3
   dt: d
   data: [ 9.8253368098669891e-01, 6.5154900357919301e+00,
       -6.3789519102109932e+02, -2.7696859845633420e-01,
       5.8220881802337594e+00, -6.7157221124027069e+02,
       -5.5885971291230914e-04, 8.7774388586051161e-03, 1. ]
scale_xy: !!opencv-matrix
   rows: 2
   cols: 1
   dt: f
   data: [ 1., 1. ]
shift_xy: !!opencv-matrix
   rows: 2
   cols: 1
   dt: f
   data: [ 0., 0. ]
